791.5296678419522
775.0217160932791
774.6759631677231
774.6759631677231
774.6759631677231
774.6759631677231
774.6759631677231
774.6758897113289
774.6758897113289
774.6758897113289
774.6758897113289
774.6758897113289
774.6758897113289
774.6758897113289
774.6758893001214
774.6758893001214
774.6758893001214
774.6758893001214
774.6758890892274
774.6758890892274
774.6758890892274
774.6758890892274
774.6758890002218
774.6758890002218
774.6758890002218
774.6758890002218
774.6758890002218
774.6758890001231
774.6758890001231
774.6758890001017
774.6758890001017
774.675889000046
774.6758890000287
774.6758890000287
774.6758890000287
774.6758889999999
774.6758889999999
774.6758889999999
774.6758889999999
774.6758889999999
774.6758889999999
774.6758889999999
774.6758889999999
774.6758889999999
774.6758889999999
774.6758889999999
774.6758889999999
774.6758889999999
774.6758889999999
774.6758889999999
774.6758889999999
774.6758889999999
774.6758889999999
774.6758889999999
774.6758889999999
774.6758889999999
774.6758889999999
774.6758889999999
774.6758889999999
774.6758889999999
774.6758889999999
774.6758889999999
774.6758889999999
774.6758889999999
774.6758889999999
774.6758889999999
774.6758889999999
774.6758889999999
774.6758889999999
774.6758889999999
774.6758889999999
774.6758889999999
774.6758889999999
774.6758889999999
774.6758889999999
774.6758889999999
774.6758889999999
774.6758889999999
774.6758889999999
774.6758889999999
774.6758889999999
774.6758889999999
774.6758889999999
774.6758889999999
774.6758889999999
774.6758889999999
774.6758889999999
774.6758889999999
774.6758889999999
774.6758889999999
774.6758889999999
774.6758889999999
774.6758889999999
774.6758889999999
774.6758889999999
774.6758889999999
774.6758889999999
774.6758889999999
774.6758889999999
774.6758889999999
